##ZOH values for plate lqg model

A = [0.999800019998667,0;4.696571068338355e-04,0.999530295922212]
B = [0;2.113668350045723e-04]
C = [0.111111111111111,0.888888888888889]